1.5539912
-0.46956304
-0.71440125
1.7124312
-2.1961675
0.57193494

-0.1245815
1.0027219
-1.0483708
0.23476446
0.7284329
1.6671585

-0.12359647
2.0862083
0.7362303
-0.11218641
-0.37087047
-1.5585897

-0.13701776
-1.2689574
0.0865476
-0.87660664
0.92946327
-0.60193056

0.70706445
-1.7627469
1.8574231
0.9990213
1.8391618
-0.61177725

-0.030217983
-0.16759431
-1.482129
-0.23484093
-1.6018587
-0.04830452

1.7526851
-1.371455
-1.4249134
1.3423212
-0.684931
0.20381466

1.3859518
-1.3562825
-0.30140823
0.59871995
-0.057033032
-0.29641405

0.44133154
-1.1565387
1.2627356
-1.3395116
0.1292957
1.3940028
